"";"trt";"time";"event"
"1";1;0,453182524021317;1
"2";0;0,770170090532106;1
"3";1;0,807605341485267;1
"4";0;0,599309986697407;1
"5";1;0,608432835014112;1
"6";0;0,723127410515271;1
"7";0;0,604881951278568;1
"8";0;0,964454985942858;1
"9";0;0,499971757815832;1
"10";0;0,547465691945725;1
"11";0;0,482865552195065;1
"12";1;0,93826605792171;1
"13";0;0,465141236702487;1
"14";0;1,23562531439563;1
"15";1;0,764812782678041;1
"16";0;0,555831468966609;1
"17";1;1,7619031337895;1
"18";1;0,960606936678329;1
"19";1;0,604129345111585;1
"20";0;0,475184842454371;1
"21";0;0,816792445987177;1
"22";0;0,747150951289609;1
"23";1;0,273486267233815;1
"24";1;0,245260623957947;1
"25";0;0,844001169222349;1
"26";0;0,44753544449413;1
"27";0;1,87268532078041;1
"28";1;1,33195944801974;1
"29";1;0,102441783841794;1
"30";0;0,196516677359446;1
"31";1;2,30349542451178;1
"32";0;0,272873323360665;1
"33";1;0,952925605876903;1
"34";0;0,634548463323398;1
"35";0;0,267375992643319;1
"36";0;0,107968676867815;1
"37";0;0,404660885844127;1
"38";1;1,04409615619911;1
"39";1;1,4173074205818;1
"40";1;0,0201975816973024;1
"41";1;0,247957317774655;1
"42";0;0,507413148830615;1
"43";1;1,04485647812808;1
"44";0;0,79506897036162;1
"45";0;1,11572196653313;1
"46";0;0,571375717056534;1
"47";1;0,796283437689486;1
"48";0;1,18273273234466;1
"49";0;1,12233666849989;1
"50";0;0,456032296658163;1
"51";0;0,933368585241884;1
"52";1;0,929937040030797;1
"53";1;0,366529009482886;1
"54";1;0,560437319216358;1
"55";1;0,4015051630083;1
"56";1;0,13881988451215;1
"57";1;0,514118726870486;1
"58";0;0,720117404450623;1
"59";0;0,23467212884917;1
"60";0;0,415566441086636;1
"61";0;0,936020356308071;1
"62";1;1,54414842000546;1
"63";1;0,103226054823118;1
"64";0;0,616850919421428;1
"65";0;0,691906746543463;1
"66";1;1,46621910540837;1
"67";1;0,810443645692585;1
"68";1;0,873294849863117;1
"69";0;0,259777456576317;1
"70";1;0,502682358216201;1
"71";1;1,14861232795844;1
"72";1;0,0288737518545336;1
"73";0;0,638813047105172;1
"74";1;0,835000119054671;1
"75";1;0,270701284328936;1
"76";0;0,960454595167316;1
"77";0;0,382025990390864;1
"78";0;0,933467812293898;1
"79";0;0,280005379441251;1
"80";0;0,740443646832211;1
"81";1;0,510676277983859;1
"82";0;0,384467528855239;1
"83";0;0,587057935140074;1
"84";0;0,706468779039554;1
"85";0;1,03924365742533;1
"86";1;0,333463510460033;1
"87";0;0,792989382019901;1
"88";0;1,2336432825062;1
"89";1;2,02289513651667;1
"90";0;0,873798626015868;1
"91";0;0,388029311814287;1
"92";1;1,28443973508574;1
"93";1;0,14657424819141;1
"94";1;1,43602494263374;1
"95";1;1,83799514083594;1
"96";0;0,416723487917208;1
"97";0;0,42036144539059;1
"98";1;0,7490141411442;1
"99";0;0,548118112043269;1
"100";0;0,748226712591586;1
"101";1;0,263887981110782;1
"102";1;0,707138889052677;1
"103";1;0,200581642376214;1
"104";1;0,483043888231699;1
"105";1;0,695997728355496;1
"106";0;1,24893918883466;1
"107";1;1,09016821467486;1
"108";1;0,338668121397439;1
"109";0;1,08254571451866;1
"110";0;1,07278245660528;1
"111";0;1,32521908395649;1
"112";0;0,600513558884316;1
"113";1;1,0302517446455;1
"114";1;1,89095396421445;1
"115";1;1,29750563893746;1
"116";0;0,568924605996579;1
"117";1;0,570753880757259;1
"118";1;0,161806541995944;1
"119";0;1,39626525569376;1
"120";0;0,890567829598882;1
"121";1;0,0201545832467158;1
"122";0;1,23465032282699;1
"123";1;0,627968753207529;1
"124";1;0,778375329702892;1
"125";0;0,543376271318931;1
"126";1;0,548034491294999;1
"127";1;0,554815580558295;1
"128";0;1,11908646984645;1
"129";1;1,8569531808082;1
"130";0;0,214441746368842;1
"131";1;2,04226416942638;1
"132";0;1,13110563876475;1
"133";0;1,09658632671717;1
"134";1;0,424256951791985;1
"135";0;0,537489559158496;1
"136";1;0,347347022255058;1
"137";0;1,12073140566725;1
"138";1;0,0791665762335157;1
"139";1;0,248228530875426;1
"140";0;0,588164736057356;1
"141";0;0,656199722370286;1
"142";0;0,799852700643257;1
"143";1;0,0491955460069944;1
"144";1;0,395360865335663;1
"145";1;1,16160394520667;1
"146";1;1,05501513937104;1
"147";0;0,30567099570397;1
"148";0;0,71492537038578;1
"149";0;1,4658079008554;1
"150";0;0,382057400934015;1
"151";0;1,23568583643272;1
"152";0;0,32754291890141;1
"153";1;1,91435870514864;1
"154";0;0,535519599832751;1
"155";1;0,988761716588665;1
"156";0;0,506849962404275;1
"157";0;0,606475659463048;1
"158";1;0,32845843261105;1
"159";0;1,27412998786223;1
"160";0;0,403495698978103;1
"161";1;0,222789448996027;1
"162";1;1,27576880548238;1
"163";1;1,02829951785214;1
"164";1;0,982475272900766;1
"165";0;1,1470708912139;1
"166";0;0,658832200800036;1
"167";0;1,32713286921339;1
"168";0;0,51772337659319;1
"169";1;0,261312954715621;1
"170";0;1,68329405405149;1
"171";1;0,768812868339785;1
"172";1;0,067902011000852;1
"173";0;1,30962805349759;1
"174";1;0,0462625887304646;1
"175";1;0,349722709614442;1
"176";1;0,159195281141628;1
"177";0;0,270218021608165;1
"178";0;0,959940009176264;1
"179";1;0,46312769415388;1
"180";1;0,319974086883562;1
"181";0;0,236375366017136;1
"182";0;0,897079323937344;1
"183";1;0,0170879935816577;1
"184";0;0,393665924889099;1
"185";1;0,500176732620036;1
"186";1;0,446804002606288;1
"187";1;0,500408435238252;1
"188";0;0,326387583978656;1
"189";0;0,626299495203409;1
"190";1;0,147550892297533;1
"191";0;0,120502478681804;1
"192";1;0,0745898880513431;1
"193";1;0,0433959302617619;1
"194";1;0,599829124282827;1
"195";1;1,41101136016286;1
"196";1;0,267583797023514;1
"197";0;0,52521586448721;1
"198";0;1,14631932730759;1
"199";1;0,741912722399424;1
"200";1;1,2196954997056;1
"201";1;0,027326669877436;1
"202";1;1,38696349641248;1
"203";0;0,754309714711838;1
"204";0;0,37803560451181;1
"205";0;0,424342059545348;1
"206";1;1,28254782965563;1
"207";0;0,659645352747128;1
"208";0;0,805683257089073;1
"209";0;1,09058069355143;1
"210";1;0,140996476853971;1
"211";1;1,3009520379932;1
"212";0;0,692234407392265;1
"213";1;1,33892840772985;1
"214";0;0,730625818800846;1
"215";1;0,289802829461055;1
"216";1;1,747243142136;1
"217";1;0,859526306180903;1
"218";0;0,40828457292595;1
"219";1;1,26493483831777;1
"220";1;0,96396552337694;1
"221";1;0,758498277334197;1
"222";0;0,703087430065929;1
"223";0;1,71091642047431;1
"224";1;1,01266994784612;1
"225";1;0,293508986724945;1
"226";1;0,799994616604052;1
"227";0;0,906859830030513;1
"228";1;0,269746303404083;1
"229";1;0,926472060893228;1
"230";1;0,00936011710194275;1
"231";0;0,694252909292901;1
"232";1;0,82894713100946;1
"233";0;0,280514784272148;1
"234";1;1,40047766842043;1
"235";1;0,839245574056755;1
"236";1;0,616054405704164;1
"237";1;0,562161950236266;1
"238";0;0,687967685392653;1
"239";1;1,83362935874763;1
"240";1;0,45955409433195;1
"241";0;1,38126599801016;1
"242";1;1,34455702120258;1
"243";1;0,303262405610008;1
"244";1;2,4295588369305;1
"245";1;0,534674310194261;1
"246";0;1,00931952423381;1
"247";0;1,1149000445033;1
"248";1;0,72048665766371;1
"249";1;0,0712568179790857;1
"250";1;0,345828230519706;1
"251";0;0,333571657584474;1
"252";0;0,47453535476936;1
"253";0;0,272593037257348;1
"254";1;0,606732072959234;1
"255";0;0,955207907788617;1
"256";1;0,0519843286814934;1
"257";0;0,826625852643132;1
"258";0;1,15532296868402;1
"259";0;0,875062770437874;1
"260";0;1,37889662648365;1
"261";1;0,128460391131562;1
"262";0;0,685407283071661;1
"263";1;0,773779091166582;1
"264";1;0,811775111764637;1
"265";0;0,290952313161386;1
"266";0;2,02666275613327;1
"267";1;0,215313260272916;1
"268";1;0,450242736074228;1
"269";1;1,43151175224362;1
"270";0;0,464926115835835;1
"271";0;0,149858859575959;1
"272";0;0,222059140022122;1
"273";0;1,59582145077843;1
"274";0;0,767017978596434;1
"275";0;1,23825982195456;1
"276";1;0,337125608034073;1
"277";0;1,07747869199688;1
"278";1;0,069737084753275;1
"279";1;1,2734274722062;1
"280";0;0,426103709964837;1
"281";0;1,06866740361233;1
"282";0;2,0396455764451;1
"283";1;0,578724499876168;1
"284";1;1,05125485608906;1
"285";1;0,243935238711862;1
"286";0;1,02678661986884;1
"287";0;0,272594295561736;1
"288";1;0,594359862722847;1
"289";1;0,326273139227244;1
"290";0;0,393372263281272;1
"291";1;0,711678947012339;1
"292";1;0,585979732404672;1
"293";1;0,360563297694189;1
"294";1;1,24886565271243;1
"295";0;0,431833958385943;1
"296";0;0,758268364258712;1
"297";1;0,220635754209759;1
"298";1;0,288324164358017;1
"299";1;0,164072742332346;1
"300";1;0,913885515381184;1
"301";0;0,62053192397741;1
"302";1;2,46164696130969;1
"303";0;0,281932464254558;1
"304";1;0,335755492558437;1
"305";1;0,513279289918351;1
"306";0;0,906105615758331;1
"307";0;0,43071918765141;1
"308";1;1,39283399659561;1
"309";0;0,698557890728643;1
"310";1;0,817178565411568;1
"311";1;0,463127680001827;1
"312";1;0,114667075884067;1
"313";1;0,429096818671897;1
"314";1;0,293343519321056;1
"315";0;0,764802742215858;1
"316";0;0,801972414845591;1
"317";0;0,404970333620816;1
"318";0;0,681130249370058;1
"319";1;0,988335055308847;1
"320";1;0,58629864293942;1
"321";1;0,00627821854698748;1
"322";0;0,352544138634656;1
"323";1;0,524169009045603;1
"324";1;0,6710887929877;1
"325";0;0,491794375126096;1
"326";1;1,43172563594076;1
"327";1;0,883761618568247;1
"328";1;1,06792282985178;1
"329";0;1,60015975941489;1
"330";0;0,62981986046529;1
"331";0;0,798106380327666;1
"332";0;0,7220728572035;1
"333";0;0,824540619956874;1
"334";0;0,069047396998873;1
"335";0;0,614843327662706;1
"336";1;1,61224486204338;1
"337";1;0,0382438352305381;1
"338";0;0,418527802126837;1
"339";1;0,374189352084871;1
"340";1;0,712588033760462;1
"341";0;0,189378061457907;1
"342";0;1,33313675678253;1
"343";0;0,424034320303356;1
"344";1;0,284960986354894;1
"345";0;0,373142303607225;1
"346";0;0,639678995741115;1
"347";0;0,227626260297384;1
"348";1;0,603587689414129;1
"349";0;0,582100813664163;1
"350";0;0,489767873812627;1
"351";0;0,413341147714156;1
"352";0;0,628592375287141;1
"353";0;0,943136347422266;1
"354";1;0,462460622775153;1
"355";1;0,915198916734261;1
"356";1;0,294394009850922;1
"357";1;0,240513991750685;1
"358";0;0,403231530678648;1
"359";0;0,662903282795964;1
"360";0;0,784417250118062;1
"361";0;0,557597627398208;1
"362";0;0,25193029066602;1
"363";0;0,659152474187971;1
"364";0;1,40406810086402;1
"365";0;0,651431848353491;1
"366";0;1,59424576471584;1
"367";1;0,102276864404894;1
"368";0;0,766671562143851;1
"369";0;1,04249239314872;1
"370";0;0,271959748350236;1
"371";1;1,18009997418928;1
"372";0;0,467254376797819;1
"373";1;0,0368537738615739;1
"374";1;0,695305873826161;1
"375";1;0,261849002795278;1
"376";1;1,28183790072459;1
"377";0;1,79328961130451;1
"378";1;1,09778151208813;1
"379";0;1,24873564310816;1
"380";0;0,351318912746549;1
